r_A	r_C	r_state	r_act	r_lin	r_coder	r_dt	cost	best_acc	last_acc
12	12	12	12	12	12	12	28.514304	85.12	85.02
12	12	11	12	12	12	12	26.941440000000004	85.2	85.0
12	12	10	12	12	12	12	25.368576	85.42	85.18
12	12	9	12	12	12	12	23.795711999999998	86.14	85.94
12	12	8	12	12	12	12	22.222848000000003	85.12	84.92
12	12	7	12	12	12	12	20.649984	84.74	84.54
12	12	6	12	12	12	12	19.07712	85.2	84.82
12	12	5	12	12	12	12	17.504256	83.48	83.12
12	12	4	12	12	12	12	15.931392	75.3	75.3
12	12	3	12	12	12	12	14.358528	45.86	45.86
12	12	4	11	12	12	12	15.128064	74.06	74.0
12	12	3	11	12	12	12	13.555200000000001	46.48	45.72
12	12	4	10	12	12	12	14.324736	71.26	71.24
12	12	3	10	12	12	12	12.751872	50.84	50.84
12	12	4	9	12	12	12	13.521408	75.4	74.96
12	12	3	9	12	12	12	11.948543999999998	47.5	47.0
12	12	4	8	12	12	12	12.71808	72.9	72.78
12	12	3	8	12	12	12	11.145216000000001	47.6	47.42
12	12	4	7	12	12	12	11.914751999999998	74.44	74.16
12	12	3	7	12	12	12	10.341887999999999	50.24	50.24
12	12	4	6	12	12	12	11.111424000000001	76.2	75.92
12	12	3	6	12	12	12	9.53856	42.72	42.2
12	12	4	5	12	12	12	10.308096	70.42	70.42
12	12	3	5	12	12	12	8.735232000000002	37.78	37.74
12	12	4	4	12	12	12	9.504768	58.9	58.44
12	12	4	5	11	12	12	9.980416000000002	73.86	73.8
12	12	3	5	11	12	12	8.407552	41.88	41.86
12	12	4	4	11	12	12	9.242624	64.36	64.36
12	12	4	5	10	12	12	9.652736	72.08	71.82
12	12	3	5	10	12	12	8.079872000000002	42.86	42.2
12	12	4	4	10	12	12	8.98048	60.18	60.18
12	12	4	5	9	12	12	9.325056000000002	70.2	69.52
12	12	3	5	9	12	12	7.752192	37.12	35.76
12	12	4	4	9	12	12	8.718336	61.04	61.0
12	12	4	5	8	12	12	8.997376000000001	73.44	72.98
12	12	3	5	8	12	12	7.424512000000001	34.14	33.54
12	12	4	4	8	12	12	8.456192	60.92	60.26
12	12	4	5	7	12	12	8.669696	72.6	72.48
12	12	3	5	7	12	12	7.096832	38.62	38.02
12	12	4	4	7	12	12	8.194048	58.74	58.74
12	12	4	5	6	12	12	8.342016000000001	74.4	74.04
12	12	3	5	6	12	12	6.769152	39.3	37.72
12	12	4	4	6	12	12	7.931904	61.12	60.8
12	12	4	5	5	12	12	8.014336	70.38	70.38
12	12	3	5	5	12	12	6.441472	33.32	32.5
12	12	4	4	5	12	12	7.66976	59.02	58.68
12	12	4	5	4	12	12	7.686656	63.98	63.98
11	12	4	5	5	12	12	7.752192	63.54	63.32
12	11	4	5	5	12	12	7.752192	71.9	71.52
12	11	3	5	5	12	12	6.244864	35.66	35.0
12	11	4	4	5	12	12	7.407616	56.58	55.68
12	11	4	5	4	12	12	7.424512	70.54	70.54
12	11	3	5	4	12	12	5.917184	37.44	36.98
12	11	4	5	3	12	12	7.096832	59.94	59.94
12	11	4	4	4	12	12	7.145472	57.28	56.62
11	11	4	5	4	12	12	7.162368	64.52	64.46
12	10	4	5	4	12	12	7.162368	61.38	61.38
12	11	4	5	4	11	12	7.417472	67.4	67.4
12	11	4	5	4	12	11	7.424512	69.66	68.42
11	11	4	5	5	12	12	7.490048	71.42	71.42
11	11	3	5	5	12	12	6.048256	39.64	39.64
11	11	4	4	5	12	12	7.145472	60.32	60.32
11	11	4	5	4	12	12	7.162368	65.68	65.68
10	11	4	5	5	12	12	7.2279040000000006	73.46	73.14
10	11	3	5	5	12	12	5.851648	31.8	-1
10	11	4	4	5	12	12	6.883328000000001	55.3	-1
10	11	4	5	4	12	12	6.900224000000001	57.44	-1
9	11	4	5	5	12	12	6.9657599999999995	54.04	-1
10	10	4	5	5	12	12	6.96576	58.6	-1
10	11	4	5	5	11	12	7.220864000000001	70.64	70.64
10	11	3	5	5	11	12	5.844608	31.64	30.22
10	11	4	4	5	11	12	6.877696000000001	52.32	-1
10	11	4	5	4	11	12	6.893184000000001	62.86	62.86
9	11	4	5	5	11	12	6.95872	55.66	-1
10	10	4	5	5	11	12	6.9587200000000005	67.58	67.46
10	11	4	5	5	10	12	7.213824000000001	69.04	69.04
10	11	4	5	5	11	11	7.220864000000001	70.56	70.56
10	11	3	5	5	11	11	5.844608	34.6	34.6
10	11	4	4	5	11	11	6.877696000000001	57.32	56.74
10	11	4	5	4	11	11	6.893184000000001	71.54	71.54
10	11	3	5	4	11	11	5.516928	30.52	-1
10	11	4	5	3	11	11	6.565504000000001	53.7	-1
10	11	4	4	4	11	11	6.615552000000001	55.28	55.28
9	11	4	5	4	11	11	6.63104	60.68	60.36
10	10	4	5	4	11	11	6.6310400000000005	63.16	-1
10	11	4	5	4	10	11	6.886144000000001	69.66	69.12
10	11	4	5	4	11	10	6.893184000000001	62.46	61.88
9	11	4	5	5	11	11	6.95872	54.92	-1
10	10	4	5	5	11	11	6.9587200000000005	70.7	70.32
10	10	3	5	5	11	11	5.648000000000001	32.78	31.48
10	10	4	4	5	11	11	6.615552000000001	59.22	58.66
10	10	4	5	4	11	11	6.6310400000000005	67.08	67.08
9	10	4	5	5	11	11	6.696576	50.54	-1
10	9	4	5	5	11	11	6.696576	69.82	69.82
10	10	4	5	5	10	11	6.9516800000000005	70.14	70.14
10	10	3	5	5	10	11	5.640960000000001	41.38	41.38
10	10	4	4	5	10	11	6.60992	56.12	55.72
10	10	4	5	4	10	11	6.6240000000000006	66.1	65.38
9	10	4	5	5	10	11	6.689536	71.26	71.22
9	10	3	5	5	10	11	5.444352	34.64	32.64
9	10	4	4	5	10	11	6.347776	51.48	-1
9	10	4	5	4	10	11	6.361856	49.9	-1
8	10	4	5	5	10	11	6.427392	47.32	-1
9	9	4	5	5	10	11	6.427392	70.28	69.58
9	9	3	5	5	10	11	5.247744	30.7	29.12
9	9	4	4	5	10	11	6.0856319999999995	45.38	-1
9	9	4	5	4	10	11	6.099712	64.2	64.2
8	9	4	5	5	10	11	6.165248	53.28	-1
9	8	4	5	5	10	11	6.165248	53.16	-1
9	9	4	5	5	9	11	6.420352	64.64	64.0
9	9	4	5	5	10	10	6.427392	71.54	71.54
9	9	3	5	5	10	10	5.247744	28.9	-1
9	9	4	4	5	10	10	6.0856319999999995	49.98	-1
9	9	4	5	4	10	10	6.099712	62.2	-1
8	9	4	5	5	10	10	6.165248	57.4	-1
9	8	4	5	5	10	10	6.165248	62.82	-1
9	9	4	5	5	9	10	6.420352	54.96	-1
9	9	4	5	5	10	9	6.427392	63.76	62.78
9	10	4	5	5	9	11	6.682496	66.72	66.72
9	10	4	5	5	10	10	6.689536	55.74	-1
10	9	4	5	5	10	11	6.689536	68.16	68.14
10	10	4	5	5	9	11	6.944640000000001	64.54	64.28
10	10	4	5	5	10	10	6.9516800000000005	71.4	71.4
10	10	3	5	5	10	10	5.640960000000001	31.74	30.5
10	10	4	4	5	10	10	6.60992	54.84	53.82
10	10	4	5	4	10	10	6.6240000000000006	65.48	65.48
10	9	4	5	5	10	10	6.689536	64.6	64.4
10	10	4	5	5	9	10	6.944640000000001	66.02	65.6
10	10	4	5	5	10	9	6.9516800000000005	63.66	63.22
10	10	4	5	5	11	10	6.9587200000000005	68.62	68.62
10	11	4	5	5	10	11	7.213824000000001	55.54	-1
10	11	4	5	5	11	10	7.220864000000001	71.16	71.16
10	11	3	5	5	11	10	5.844608	36.98	36.06
10	11	4	4	5	11	10	6.877696000000001	60.7	60.04
9	11	4	5	5	11	10	6.95872	70.02	70.02
9	11	3	5	5	11	10	5.648000000000001	29.8	-1
9	11	4	4	5	11	10	6.615552	54.36	54.0
9	11	4	5	4	11	10	6.63104	60.62	-1
8	11	4	5	5	11	10	6.696576	52.28	-1
9	10	4	5	5	11	10	6.696576	66.52	-1
9	11	4	5	5	10	10	6.95168	62.0	-1
9	11	4	5	5	11	9	6.95872	70.88	69.76
9	11	3	5	5	11	9	5.648000000000001	30.4	-1
9	11	4	4	5	11	9	6.615552	48.94	-1
9	11	4	5	4	11	9	6.63104	55.68	-1
8	11	4	5	5	11	9	6.696576	49.06	-1
9	10	4	5	5	11	9	6.696576	54.0	-1
9	11	4	5	5	10	9	6.95168	64.64	64.64
9	11	4	5	5	11	8	6.95872	56.6	-1
10	11	4	5	5	10	10	7.213824000000001	63.26	62.52
10	11	4	5	5	11	9	7.220864000000001	65.08	65.08
10	11	4	5	5	12	11	7.2279040000000006	67.88	67.8
11	10	4	5	5	12	12	7.2279040000000006	64.9	64.64
11	11	4	5	5	11	12	7.483008	69.64	69.38
11	11	4	5	5	12	11	7.490048	68.92	68.92
12	10	4	5	5	12	12	7.490048	68.14	68.14
12	11	4	5	5	11	12	7.745152	65.28	65.28
12	11	4	5	5	12	11	7.752192	67.34	67.34
12	12	4	5	5	11	12	8.007296	68.84	68.84
12	12	4	5	5	12	11	8.014336	69.32	69.12
11	12	4	5	6	12	12	8.079872	70.8	70.8
11	12	3	5	6	12	12	6.572544	41.1	40.98
11	12	4	4	6	12	12	7.66976	57.92	57.2
10	12	4	5	6	12	12	7.817728	69.46	69.46
11	11	4	5	6	12	12	7.817728	72.86	71.28
11	11	3	5	6	12	12	6.375936	33.74	33.74
11	11	4	4	6	12	12	7.407616	62.26	62.2
10	11	4	5	6	12	12	7.5555840000000005	68.34	68.24
11	10	4	5	6	12	12	7.5555840000000005	59.2	-1
11	11	4	5	6	11	12	7.810688	71.86	71.74
11	11	3	5	6	11	12	6.368896	33.82	33.34
11	11	4	4	6	11	12	7.401984000000001	54.6	54.08
10	11	4	5	6	11	12	7.548544000000001	62.02	-1
11	10	4	5	6	11	12	7.548544000000001	68.18	68.18
11	11	4	5	6	10	12	7.803648	71.88	71.88
11	11	3	5	6	10	12	6.361856	41.82	41.58
11	11	4	4	6	10	12	7.396351999999999	54.9	54.52
11	11	4	5	5	10	12	7.475968	67.86	67.38
10	11	4	5	6	10	12	7.541504000000001	74.04	73.18
10	11	3	5	6	10	12	6.165248	35.16	34.02
10	11	4	4	6	10	12	7.134208	58.94	58.94
9	11	4	5	6	10	12	7.27936	73.22	73.06
9	11	3	5	6	10	12	5.968640000000001	33.06	-1
9	11	4	4	6	10	12	6.872063999999999	58.18	-1
9	11	4	5	5	10	12	6.95168	72.84	72.84
9	11	3	5	5	10	12	5.640960000000001	28.92	-1
9	11	4	4	5	10	12	6.609919999999999	49.76	-1
9	11	4	5	4	10	12	6.624	71.82	71.82
9	11	3	5	4	10	12	5.313280000000001	28.92	-1
9	11	4	5	3	10	12	6.29632	52.04	-1
9	11	4	4	4	10	12	6.347775999999999	59.34	59.34
8	11	4	5	4	10	12	6.361856	55.8	-1
9	10	4	5	4	10	12	6.361856	69.32	68.7
9	11	4	5	4	9	12	6.61696	57.24	-1
9	11	4	5	4	10	11	6.624	51.42	-1
8	11	4	5	5	10	12	6.689536	51.98	-1
9	10	4	5	5	10	12	6.689536	70.92	70.8
9	10	3	5	5	10	12	5.444352	30.32	-1
9	10	4	4	5	10	12	6.347776	58.76	58.06
8	10	4	5	5	10	12	6.427392	52.62	-1
9	9	4	5	5	10	12	6.427392	71.92	71.92
9	9	3	5	5	10	12	5.247744	31.8	-1
9	9	4	4	5	10	12	6.0856319999999995	60.2	60.2
9	9	4	5	4	10	12	6.099712	55.5	-1
8	9	4	5	5	10	12	6.165248	59.6	-1
9	8	4	5	5	10	12	6.165248	72.06	72.06
9	8	3	5	5	10	12	5.0511360000000005	32.72	31.62
9	8	4	4	5	10	12	5.823487999999999	58.68	58.52
9	8	4	5	4	10	12	5.837568	64.46	64.3
8	8	4	5	5	10	12	5.903104	52.74	-1
9	7	4	5	5	10	12	5.903104	60.38	-1
9	8	4	5	5	9	12	6.158208	54.36	-1
9	9	4	5	5	9	12	6.420352	72.86	72.68
9	9	3	5	5	9	12	5.240704	30.12	-1
9	9	4	4	5	9	12	6.08	54.84	54.1
9	9	4	5	4	9	12	6.092672	53.62	-1
8	9	4	5	5	9	12	6.158208	58.3	-1
9	9	4	5	5	8	12	6.4133119999999995	59.22	-1
9	10	4	5	5	9	12	6.682496	71.08	70.98
9	10	3	5	5	9	12	5.437312	28.88	-1
9	10	4	4	5	9	12	6.342144	57.56	57.52
9	10	4	5	4	9	12	6.3548160000000005	64.84	64.8
8	10	4	5	5	9	12	6.420352	56.68	-1
9	10	4	5	5	8	12	6.675456	59.82	-1
9	11	4	5	5	9	12	6.94464	69.88	69.88
9	11	4	5	5	10	11	6.95168	71.86	71.86
9	11	3	5	5	10	11	5.640960000000001	38.08	-1
9	11	4	4	5	10	11	6.609919999999999	61.84	61.64
8	11	4	5	5	10	11	6.689536	57.64	-1
9	11	4	5	5	9	11	6.94464	69.36	69.36
8	11	4	5	6	10	12	7.017216	52.88	-1
9	10	4	5	6	10	12	7.017216	70.14	69.98
9	10	3	5	6	10	12	5.772032	31.04	-1
9	10	4	4	6	10	12	6.60992	54.02	-1
8	10	4	5	6	10	12	6.755072	50.52	-1
9	9	4	5	6	10	12	6.755072	65.72	-1
9	10	4	5	6	9	12	7.010176	70.5	70.4
9	10	3	5	6	9	12	5.764992	32.72	-1
9	10	4	4	6	9	12	6.604288	54.44	-1
8	10	4	5	6	9	12	6.748032	53.16	-1
9	9	4	5	6	9	12	6.748032	58.72	-1
9	10	4	5	6	8	12	7.003136	70.28	70.2
9	10	3	5	6	8	12	5.7579519999999995	31.06	-1
9	10	4	4	6	8	12	6.598656	46.32	-1
8	10	4	5	6	8	12	6.740991999999999	53.78	-1
9	9	4	5	6	8	12	6.740991999999999	55.88	-1
9	10	4	5	6	7	12	6.9960960000000005	72.2	72.2
9	10	3	5	6	7	12	5.7509120000000005	30.4	-1
9	10	4	4	6	7	12	6.593024000000001	58.0	56.78
9	10	4	5	5	7	12	6.668416000000001	69.1	69.1
8	10	4	5	6	7	12	6.733952	51.7	-1
9	9	4	5	6	7	12	6.733952	51.1	-1
9	10	4	5	6	6	12	6.989056000000001	65.04	-1
9	10	4	5	6	7	11	6.9960960000000005	72.1	72.08
9	10	3	5	6	7	11	5.7509120000000005	37.44	37.12
9	10	4	4	6	7	11	6.593024000000001	48.28	47.4
9	10	4	5	5	7	11	6.668416000000001	51.18	-1
8	10	4	5	6	7	11	6.733952	53.0	-1
9	9	4	5	6	7	11	6.733952	63.54	62.7
9	10	4	5	6	6	11	6.989056000000001	71.78	71.2
9	10	3	5	6	6	11	5.7438720000000005	32.96	31.56
9	10	4	4	6	6	11	6.587392	47.16	-1
9	10	4	5	5	6	11	6.661376000000001	56.14	-1
8	10	4	5	6	6	11	6.7269120000000004	