r_A	r_C	r_state	r_act	r_lin	r_coder	r_dt	cost	best_acc	last_acc
12	12	12	12	12	12	12	28.514304	85.48	85.28
12	12	11	12	12	12	12	26.941440000000004	85.24	85.12
12	12	10	12	12	12	12	25.368576	85.1	85.08
12	12	9	12	12	12	12	23.795711999999998	85.04	84.96
12	12	8	12	12	12	12	22.222848000000003	85.42	85.36
12	12	7	12	12	12	12	20.649984	84.28	84.28
12	12	6	12	12	12	12	19.07712	84.88	84.86
12	12	5	12	12	12	12	17.504256	83.44	83.38
12	12	4	12	12	12	12	15.931392	72.76	72.0
12	12	5	11	12	12	12	16.700927999999998	82.7	82.7
12	12	4	11	12	12	12	15.128064	75.06	74.86
12	12	5	10	12	12	12	15.8976	82.78	82.62
12	12	4	10	12	12	12	14.324736	72.64	72.64
12	12	5	9	12	12	12	15.094272	83.68	83.5
12	12	4	9	12	12	12	13.521408	74.1	73.92
12	12	5	8	12	12	12	14.290944	83.34	83.3
12	12	4	8	12	12	12	12.71808	72.4	71.94
12	12	5	7	12	12	12	13.487616	82.46	81.98
12	12	4	7	12	12	12	11.914751999999998	72.66	72.22
12	12	5	6	12	12	12	12.684288	82.7	82.56
12	12	4	6	12	12	12	11.111424000000001	73.04	72.86
12	12	5	5	12	12	12	11.880960000000002	82.22	81.58
12	12	4	5	12	12	12	10.308096	62.5	-1
12	12	5	4	12	12	12	11.077632000000001	78.0	77.7
11	12	5	5	12	12	12	11.55328	82.34	82.34
11	12	4	5	12	12	12	10.045952000000002	73.6	73.24
11	12	5	4	12	12	12	10.749952	76.64	76.48
10	12	5	5	12	12	12	11.225600000000002	82.62	82.62
10	12	4	5	12	12	12	9.783808	71.06	70.68
10	12	5	4	12	12	12	10.422272	77.84	77.58
9	12	5	5	12	12	12	10.897920000000001	83.38	82.98
9	12	4	5	12	12	12	9.521664000000001	72.2	71.78
9	12	5	4	12	12	12	10.094592	73.76	73.3
8	12	5	5	12	12	12	10.570240000000002	82.16	82.16
8	12	4	5	12	12	12	9.25952	49.02	-1
8	12	5	4	12	12	12	9.766912000000001	75.8	75.8
7	12	5	5	12	12	12	10.242560000000001	73.76	-1
8	11	5	5	12	12	12	10.242560000000001	82.3	82.3
8	11	4	5	12	12	12	8.997376000000001	50.64	-1
8	11	5	4	12	12	12	9.439232	75.48	75.46
7	11	5	5	12	12	12	9.91488	73.2	-1
8	10	5	5	12	12	12	9.914880000000002	81.62	81.44
8	10	4	5	12	12	12	8.735232000000002	54.72	-1
8	10	5	4	12	12	12	9.111552	70.94	-1
7	10	5	5	12	12	12	9.587200000000001	72.46	-1
8	9	5	5	12	12	12	9.587200000000001	81.42	81.18
8	9	4	5	12	12	12	8.473088	60.02	-1
8	9	5	4	12	12	12	8.783872	77.64	77.34
7	9	5	5	12	12	12	9.25952	75.68	-1
8	8	5	5	12	12	12	9.259520000000002	81.7	81.52
8	8	4	5	12	12	12	8.210944000000001	53.74	-1
8	8	5	4	12	12	12	8.456192000000001	77.86	77.78
7	8	5	5	12	12	12	8.931840000000001	76.46	-1
8	7	5	5	12	12	12	8.931840000000001	82.44	81.76
8	7	4	5	12	12	12	7.948799999999999	49.8	-1
8	7	5	4	12	12	12	8.128512	73.96	-1
7	7	5	5	12	12	12	8.60416	79.52	-1
8	6	5	5	12	12	12	8.604160000000002	82.0	81.96
8	6	4	5	12	12	12	7.686656	56.16	-1
8	6	5	4	12	12	12	7.800832000000001	76.62	76.62
7	6	5	5	12	12	12	8.276480000000001	75.12	-1
8	5	5	5	12	12	12	8.276480000000001	81.88	81.16
8	5	4	5	12	12	12	7.424512000000001	52.74	-1
8	5	5	4	12	12	12	7.473152000000001	77.84	77.84
7	5	5	5	12	12	12	7.948799999999999	73.4	-1
8	4	5	5	12	12	12	7.948800000000001	81.52	80.82
8	4	5	4	12	12	12	7.145472000000001	68.64	-1
8	4	4	5	12	12	12	7.162368	47.7	-1
7	4	5	5	12	12	12	7.62112	66.76	-1
8	3	5	5	12	12	12	7.62112	79.62	79.3
8	4	5	5	11	12	12	7.62112	81.78	81.38
8	4	4	5	11	12	12	6.834688000000001	58.52	-1
8	4	5	4	11	12	12	6.883328000000001	66.08	-1
7	4	5	5	11	12	12	7.2934399999999995	73.32	-1
8	3	5	5	11	12	12	7.29344	77.72	-1
8	4	5	5	10	12	12	7.293440000000001	73.26	-1
8	4	5	5	11	11	12	7.61408	80.48	79.96
8	4	4	5	11	11	12	6.827648000000001	50.3	-1
8	4	5	4	11	11	12	6.877696000000001	70.88	-1
7	4	5	5	11	11	12	7.2863999999999995	69.88	-1
8	3	5	5	11	11	12	7.2864	79.92	79.66
8	4	5	5	10	11	12	7.286400000000001	71.7	-1
8	4	5	5	11	10	12	7.6070400000000005	72.38	-1
8	4	5	5	11	11	11	7.61408	81.52	81.28
8	4	4	5	11	11	11	6.827648000000001	47.62	-1
8	4	5	4	11	11	11	6.877696000000001	73.14	72.56
7	4	5	5	11	11	11	7.2863999999999995	68.44	-1
8	3	5	5	11	11	11	7.2864	71.08	-1
8	4	5	5	10	11	11	7.286400000000001	82.04	81.42
8	4	4	5	10	11	11	6.499968	50.94	-1
8	4	5	4	10	11	11	6.615552000000002	75.46	74.78
7	4	5	5	10	11	11	6.9587200000000005	71.6	-1
8	3	5	5	10	11	11	6.9587200000000005	72.4	-1
8	4	5	5	9	11	11	6.9587200000000005	80.8	80.36
8	4	4	5	9	11	11	6.172288000000001	48.4	-1
8	4	5	4	9	11	11	6.353408000000001	74.58	74.58
7	4	5	5	9	11	11	6.63104	67.48	-1
8	3	5	5	9	11	11	6.6310400000000005	80.0	79.9
8	4	5	5	8	11	11	6.631040000000001	81.36	81.36
8	4	4	5	8	11	11	5.844608	46.44	-1
8	4	5	4	8	11	11	6.091264000000002	71.5	-1
7	4	5	5	8	11	11	6.3033600000000005	67.94	-1
8	3	5	5	8	11	11	6.3033600000000005	80.0	79.76
8	4	5	5	7	11	11	6.3033600000000005	81.64	81.4
8	4	4	5	7	11	11	5.516928	45.14	-1
8	4	5	4	7	11	11	5.829120000000001	77.26	77.26
7	4	5	5	7	11	11	5.97568	71.04	-1
8	3	5	5	7	11	11	5.97568	80.36	80.36
8	3	4	5	7	11	11	5.254784	41.66	-1
8	3	5	4	7	11	11	5.5014400000000006	68.66	-1
7	3	5	5	7	11	11	5.648	63.88	-1
8	2	5	5	7	11	11	5.648000000000001	77.66	77.58
8	3	5	5	6	11	11	5.648000000000001	69.28	-1
8	3	5	5	7	10	11	5.96864	73.16	-1
8	3	5	5	7	11	10	5.97568	78.06	78.06
8	4	5	5	6	11	11	5.9756800000000005	80.62	80.4
8	4	4	5	6	11	11	5.189248	50.86	-1
8	4	5	4	6	11	11	5.566976000000001	76.86	76.86
7	4	5	5	6	11	11	5.648	68.8	-1
8	4	5	5	5	11	11	5.648000000000001	80.22	80.22
8	4	4	5	5	11	11	4.861568	47.7	-1
8	4	5	4	5	11	11	5.304832000000001	72.02	-1
7	4	5	5	5	11	11	5.32032	69.76	-1
8	3	5	5	5	11	11	5.320320000000001	78.98	78.86
8	4	5	5	4	11	11	5.320320000000001	72.56	-1
8	4	5	5	5	10	11	5.640960000000001	80.52	80.52
8	4	4	5	5	10	11	4.854528	55.22	-1
8	4	5	4	5	10	11	5.2992	75.22	75.18
7	4	5	5	5	10	11	5.31328	69.98	-1
8	3	5	5	5	10	11	5.313280000000001	68.96	-1
8	4	5	5	4	10	11	5.313280000000001	78.92	78.52
8	4	5	5	5	9	11	5.633920000000001	75.6	-1
8	4	5	5	5	10	10	5.640960000000001	74.44	-1
8	4	5	5	5	11	10	5.648000000000001	73.3	-1
8	4	5	5	6	10	11	5.968640000000001	81.12	80.8
8	4	4	5	6	10	11	5.182208	45.7	-1
8	4	5	4	6	10	11	5.561344	62.04	-1
7	4	5	5	6	10	11	5.64096	72.3	-1
8	3	5	5	6	10	11	5.640960000000001	80.4	80.38
8	3	4	5	6	10	11	4.920064	52.1	-1
8	3	5	4	6	10	11	5.233663999999999	60.06	-1
7	3	5	5	6	10	11	5.31328	67.98	-1
8	2	5	5	6	10	11	5.313280000000001	64.72	-1
8	3	5	5	6	9	11	5.633920000000001	80.0	79.98
8	3	5	5	6	10	10	5.640960000000001	77.94	77.32
8	4	5	5	6	9	11	5.961600000000001	74.14	-1
8	4	5	5	6	10	10	5.968640000000001	76.96	-1
8	4	5	5	6	11	10	5.9756800000000005	80.32	79.88
8	4	4	5	6	11	10	5.189248	41.68	-1
8	4	5	4	6	11	10	5.566976000000001	74.34	74.34
7	4	5	5	6	11	10	5.648	71.2	-1
8	3	5	5	6	11	10	5.648000000000001	80.0	79.8
8	4	5	5	6	11	9	5.9756800000000005	73.32	-1
8	4	5	5	7	10	11	6.296320000000001	80.46	80.14
8	4	4	5	7	10	11	5.509888	49.72	-1
8	4	5	4	7	10	11	5.823488	68.34	-1
7	4	5	5	7	10	11	5.96864	72.08	-1
8	4	5	5	7	9	11	6.289280000000001	82.06	82.06
8	4	4	5	7	9	11	5.502848	55.98	-1
8	4	5	4	7	9	11	5.817856000000001	78.12	77.78
7	4	5	5	7	9	11	5.9616	72.48	-1
8	3	5	5	7	9	11	5.9616	80.86	80.7
8	3	4	5	7	9	11	5.240704	52.36	-1
8	3	5	4	7	9	11	5.490176	65.88	-1
7	3	5	5	7	9	11	5.63392	65.34	-1
8	2	5	5	7	9	11	5.633920000000001	77.02	-1
8	3	5	5	7	8	11	5.954559999999999	69.1	-1
8	3	5	5	7	9	10	5.9616	77.26	77.26
8	4	5	5	7	8	11	6.28224	78.44	78.44
8	4	5	5	7	9	10	6.289280000000001	80.92	80.44
8	4	4	5	7	9	10	5.502848	48.86	-1
8	4	5	4	7	9	10	5.817856000000001	74.0	73.58
7	4	5	5	7	9	10	5.9616	67.94	-1
8	4	5	5	6	9	10	5.961600000000001	80.34	80.34
8	4	4	5	6	9	10	5.175168	43.28	-1
8	4	5	4	6	9	10	5.555712000000001	76.48	76.24
7	4	5	5	6	9	10	5.63392	68.64	-1
8	3	5	5	6	9	10	5.633920000000001	79.64	78.96
8	4	5	5	5	9	10	5.633920000000001	79.34	79.34
8	4	5	5	6	8	10	5.95456	79.94	79.8
8	4	5	5	6	9	9	5.961600000000001	79.92	79.74
8	4	5	5	7	8	10	6.28224	81.2	80.3
8	4	4	5	7	8	10	5.495807999999999	45.88	-1
8	4	5	4	7	8	10	5.8122240000000005	68.32	-1
7	4	5	5	7	8	10	5.954559999999999	69.7	-1
8	3	5	5	7	8	10	5.954559999999999	80.62	80.62
8	3	4	5	7	8	10	5.233663999999999	43.78	-1
8	3	5	4	7	8	10	5.484544	72.28	71.78
7	3	5	5	7	8	10	5.626879999999999	66.78	-1
8	2	5	5	7	8	10	5.62688	77.36	76.44
8	3	5	5	6	8	10	5.62688	77.42	77.02
8	3	5	5	7	7	10	5.94752	67.2	-1
8	3	5	5	7	8	9	5.954559999999999	71.32	-1
8	4	5	5	7	7	10	6.275200000000001	81.16	80.88
8	4	4	5	7	7	10	5.488768	42.82	-1
8	4	5	4	7	7	10	5.806592000000001	65.36	-1
7	4	5	5	7	7	10	5.94752	72.12	-1
8	4	5	5	6	7	10	5.947520000000001	81.36	81.26
8	4	4	5	6	7	10	5.161088	44.58	-1
8	4	5	4	6	7	10	5.544448000000001	63.04	-1
7	4	5	5	6	7	10	5.61984	62.96	-1
8	3	5	5	6	7	10	5.619840000000001	69.76	-1
8	4	5	5	5	7	10	5.619840000000001	80.64	80.52
8	4	4	5	5	7	10	4.833408	46.14	-1
8	4	5	4	5	7	10	5.282304000000001	60.28	-1
7	4	5	5	5	7	10	5.29216	67.04	-1
8	3	5	5	5	7	10	5.292160000000001	76.24	76.24
8	4	5	5	4	7	10	5.292160000000001	78.52	78.52
8	4	5	5	5	6	10	5.612800000000001	74.12	-1
8	4	5	5	5	7	9	5.619840000000001	78.66	78.66
8	4	5	5	6	6	10	5.940480000000001	80.64	80.48
8	4	4	5	6	6	10	5.154048	48.2	-1
8	4	5	4	6	6	10	5.538816000000001	68.5	-1
7	4	5	5	6	6	10	5.6128	70.0	-1
8	3	5	5	6	6	10	5.612800000000001	73.9	-1
8	4	5	5	6	5	10	5.93344	80.58	79.78
8	4	4	5	6	5	10	5.147008	43.28	-1
8	4	5	4	6	5	10	5.533184	67.82	67.82
7	4	5	5	6	5	10	5.605759999999999	72.66	-1
8	3	5	5	6	5	10	5.60576	78.62	78.46
8	4	5	5	5	5	10	5.60576	70.22	-1
8	4	5	5	6	4	10	5.9264	80.98	80.8
8	4	4	5	6	4	10	5.139968	48.3	-1
8	4	5	4	6	4	10	5.527552000000001	68.92	-1
7	4	5	5	6	4	10	5.598719999999999	71.36	-1
8	3	5	5	6	4	10	5.59872	78.06	77.14
8	4	5	5	5	4	10	5.59872	79.68	79.68
8	4	5	5	6	3	10	5.91936	79.98	79.64
8	4	5	5	6	4	9	5.9264	79.28	78.84
8	4	5	5	6	5	9	5.93344	74.42	-1
8	4	5	5	6	6	9	5.940480000000001	79.7	79.3
8	4	5	5	6	7	9	5.947520000000001	70.7	-1
8	4	5	5	7	6	10	6.268160000000001	75.82	-1
8	4	5	5	7	7	9	6.275200000000001	78.56	-1
8	4	5	5	7	8	9	6.28224	75.08	-1
8	4	5	5	7	9	9	6.289280000000001	79.42	79.08
8	4	5	5	7	10	10	6.296320000000001	80.88	80.78
8	4	4	5	7	10	10	5.509888	44.86	-1
8	4	5	4	7	10	10	5.823488	69.2	-1
7	4	5	5	7	10	10	5.96864	72.76	-1
8	3	5	5	7	10	10	5.96864	78.32	77.88
8	4	5	5	7	10	9	6.296320000000001	72.3	-1
8	4	5	5	7	11	10	6.3033600000000005	80.58	80.02
8	4	4	5	7	11	10	5.516928	54.32	-1
8	4	5	4	7	11	10	5.829120000000001	65.42	-1
7	4	5	5	7	11	10	5.97568	72.08	-1
8	4	5	5	7	11	9	6.3033600000000005	79.52	79.52
8	4	5	5	8	10	11	6.624000000000001	81.8	81.4
8	4	4	5	8	10	11	5.837568	48.72	-1
8	4	5	4	8	10	11	6.085632	74.54	73.92
7	4	5	5	8	10	11	6.296320000000001	69.78	-1
8	3	5	5	8	10	11	6.296320000000001	72.22	-1
