r_A	r_C	r_state	r_act	r_lin	r_coder	r_dt	cost	best_acc	last_acc
1	1	1	1	1	1	1	0.198016	14.88	11.38
1	1	1	1	1	2	1	0.19942400000000002	16.94	16.1
1	1	1	1	1	3	1	0.200832	18.14	16.58
1	1	1	1	1	4	1	0.20224000000000003	17.3	16.1
1	1	1	1	1	5	1	0.203648	17.44	15.24
1	1	1	1	1	6	1	0.205056	17.78	16.28
1	1	1	1	1	7	1	0.206464	16.76	16.32
1	1	1	1	1	8	1	0.207872	17.16	16.28
1	1	1	1	1	9	1	0.20928	17.42	16.42
1	1	1	1	1	10	1	0.21068800000000001	17.2	16.38
1	1	1	1	1	11	1	0.212096	17.76	16.38
1	1	1	1	1	12	1	0.21350400000000003	16.9	16.38
1	1	1	1	1	13	1	0.214912	17.32	16.16
1	1	1	1	1	14	1	0.21631999999999998	17.0	16.26
1	1	1	1	1	15	1	0.217728	17.66	16.42
1	1	1	1	1	16	1	0.219136	17.2	16.48
2	1	1	1	1	16	1	0.284672	17.26	16.26
3	1	1	1	1	16	1	0.35020799999999996	17.22	16.44
4	1	1	1	1	16	1	0.41574399999999995	16.98	16.42
4	1	1	1	2	16	1	0.48127999999999993	17.54	16.34
5	1	1	1	2	16	1	0.5468160000000001	17.46	16.38
6	1	1	1	2	16	1	0.6123520000000001	17.0	16.2
7	1	1	1	2	16	1	0.677888	17.02	16.22
8	1	1	1	2	16	1	0.7434240000000001	17.88	16.4
8	2	1	1	2	16	1	0.80896	17.18	16.44
9	2	1	1	2	16	1	0.874496	17.0	16.52
10	2	1	1	2	16	1	0.9400320000000001	17.94	16.62
11	2	1	1	2	16	1	1.005568	17.02	16.26
12	2	1	1	2	16	1	1.071104	17.22	16.4
13	2	1	1	2	16	1	1.13664	18.04	16.3
13	2	1	1	3	16	1	1.202176	17.44	16.3
13	2	1	1	4	16	1	1.267712	17.54	16.3
14	2	1	1	4	16	1	1.333248	17.94	16.32
15	2	1	1	4	16	1	1.398784	17.4	16.26
16	2	1	1	4	16	1	1.46432	17.1	16.16
16	3	1	1	4	16	1	1.529856	17.9	16.24
16	4	1	1	4	16	1	1.595392	17.56	16.32
16	5	1	1	4	16	1	1.660928	17.52	16.44
16	6	1	1	4	16	1	1.726464	17.66	16.4
16	7	1	1	4	16	1	1.792	16.84	16.4
16	8	1	1	4	16	1	1.857536	17.72	16.0
16	9	1	1	4	16	1	1.923072	17.1	16.46
16	9	1	1	5	16	1	1.988608	17.6	16.44
16	9	1	1	6	16	1	2.0541439999999995	17.28	16.52
16	9	1	1	7	16	1	2.11968	17.76	16.22
16	9	1	1	8	16	1	2.1852159999999996	17.54	16.32
16	10	1	1	8	16	1	2.250752	17.96	16.44
16	11	1	1	8	16	1	2.3162879999999997	17.2	16.3
16	12	1	1	8	16	1	2.381824	17.68	16.26
16	13	1	1	8	16	1	2.4473599999999998	17.4	16.16
16	14	1	1	8	16	1	2.5128959999999996	17.46	16.32
16	15	1	1	8	16	1	2.578432	17.48	16.14
16	16	1	1	8	16	1	2.6439679999999997	17.16	16.38
16	16	1	1	9	16	1	2.709504	17.1	16.52
16	16	1	1	10	16	1	2.7750399999999997	16.7	16.48
16	16	1	1	11	16	1	2.840576	17.34	16.38
16	16	1	1	12	16	1	2.906112	17.46	16.24
16	16	1	1	13	16	1	2.9716479999999996	17.4	16.34
16	16	1	1	14	16	1	3.037184	16.92	16.26
16	16	1	1	15	16	1	3.1027199999999997	17.4	16.54
16	16	1	1	16	16	1	3.168256	17.08	16.5
16	16	1	1	16	16	2	4.216832	17.4	16.38
16	16	1	1	16	16	3	5.265408	17.26	16.28
16	16	1	1	16	16	4	6.313984	17.72	16.14
16	16	1	1	16	16	5	7.36256	17.28	16.24
16	16	1	1	16	16	6	8.411135999999999	17.58	16.44
16	16	1	1	16	16	7	9.459712	17.8	16.66
16	16	1	1	16	16	8	10.508288	17.8	16.46
16	16	1	1	16	16	9	11.556864000000001	17.06	16.54
16	16	1	1	16	16	10	12.605440000000002	17.34	15.28
16	16	1	1	16	16	11	13.654016	17.3	16.62
16	16	1	1	16	16	12	14.702592000000001	17.06	16.26
16	16	1	1	16	16	13	15.751168	17.06	16.36
16	16	1	1	16	16	14	16.799743999999997	17.9	16.38
16	16	1	1	16	16	15	17.848319999999998	18.14	16.1
16	16	1	1	16	16	16	18.896895999999998	17.78	16.3
16	16	1	2	16	16	16	19.968	17.42	16.46
16	16	1	3	16	16	16	21.039104	17.52	16.48
16	16	1	4	16	16	16	22.110208	17.72	16.4
16	16	1	5	16	16	16	23.181312	17.4	16.42
16	16	1	6	16	16	16	24.252416	17.54	16.56
16	16	1	7	16	16	16	25.323520000000002	17.4	16.38
16	16	1	8	16	16	16	26.394623999999997	17.26	16.36
16	16	1	9	16	16	16	27.465728000000002	17.42	16.04
16	16	1	10	16	16	16	28.536831999999997	17.56	16.48
16	16	1	11	16	16	16	29.607936000000002	17.06	16.4
16	16	1	12	16	16	16	30.67904	17.4	16.42
16	16	1	13	16	16	16	31.750144	16.92	16.48
16	16	1	14	16	16	16	32.821248000000004	16.84	16.32
16	16	1	15	16	16	16	33.892352	16.9	16.26
16	16	1	16	16	16	16	34.963456	16.92	16.38
16	16	2	16	16	16	16	52.78924799999999	24.12	24.0
16	16	3	16	16	16	16	70.61504000000001	52.2	51.8
16	16	4	16	16	16	16	88.440832	71.24	70.6
16	16	5	16	16	16	16	106.26662400000001	81.52	81.52
16	16	2	15	16	16	16	51.718144	21.78	20.74
16	16	3	15	16	16	16	69.543936	49.42	49.42
16	16	4	15	16	16	16	87.369728	69.62	69.38
16	16	5	15	16	16	16	105.19552	82.54	82.52
16	16	2	14	16	16	16	50.647040000000004	22.34	22.18
16	16	3	14	16	16	16	68.472832	49.24	49.04
16	16	4	14	16	16	16	86.298624	69.88	69.88
16	16	5	14	16	16	16	104.12441600000001	80.98	80.42
16	16	2	13	16	16	16	49.575936	21.4	19.56
16	16	3	13	16	16	16	67.40172799999999	50.6	50.2
16	16	4	13	16	16	16	85.22752	65.32	64.8
16	16	5	13	16	16	16	103.053312	81.36	80.94
16	16	2	12	16	16	16	48.504832	20.64	15.62
16	16	3	12	16	16	16	66.330624	47.22	47.22
16	16	4	12	16	16	16	84.156416	67.82	67.82
16	16	5	12	16	16	16	101.982208	82.14	81.66
16	16	2	11	16	16	16	47.433727999999995	23.14	22.86
16	16	3	11	16	16	16	65.25952	49.68	49.56
16	16	4	11	16	16	16	83.08531199999999	65.64	65.64
16	16	5	11	16	16	16	100.911104	81.1	81.1
16	16	2	10	16	16	16	46.362624	23.3	20.84
16	16	3	10	16	16	16	64.188416	43.44	43.08
16	16	4	10	16	16	16	82.01420800000001	71.68	71.68
16	16	5	10	16	16	16	99.84000000000002	80.24	80.14
16	16	2	9	16	16	16	45.29152	25.98	25.18
16	16	3	9	16	16	16	63.117312	44.16	43.78
16	16	4	9	16	16	16	80.943104	69.96	69.76
16	16	5	9	16	16	16	98.76889600000001	82.02	82.02
16	16	2	8	16	16	16	44.220416	22.76	21.44
16	16	3	8	16	16	16	62.046208	47.54	47.54
16	16	4	8	16	16	16	79.872	68.14	68.14
16	16	5	8	16	16	16	97.697792	81.48	81.48
16	16	2	7	16	16	16	43.149312	21.4	19.34
16	16	3	7	16	16	16	60.975104	49.1	48.76
16	16	4	7	16	16	16	78.800896	68.02	68.02
16	16	5	7	16	16	16	96.626688	79.54	79.44
16	16	6	7	16	16	16	114.45248	83.92	83.92
16	16	2	6	16	16	16	42.078208	18.2	16.2
16	16	3	6	16	16	16	59.904	41.56	41.4
16	16	4	6	16	16	16	77.72979199999999	71.48	71.32
16	16	5	6	16	16	16	95.555584	81.42	81.08
16	16	2	5	16	16	16	41.007104000000005	17.98	14.22
16	16	3	5	16	16	16	58.832896000000005	40.94	40.94
16	16	4	5	16	16	16	76.658688	65.86	65.52
16	16	5	5	16	16	16	94.48448	80.26	80.22
16	16	2	4	16	16	16	39.936	19.18	16.62
16	16	3	4	16	16	16	57.761792	20.06	13.08
16	16	4	4	16	16	16	75.58758399999999	62.38	62.38
16	16	5	4	16	16	16	93.413376	