r_A	r_C	r_state	r_act	r_lin	r_coder	r_dt	cost	best_acc	last_acc
1	1	1	1	1	1	1	0.198016	14.82	11.7
1	1	1	1	1	2	1	0.19942400000000002	17.28	15.64
1	1	1	1	1	3	1	0.200832	17.5	16.22
1	1	1	1	1	4	1	0.20224000000000003	18.22	16.56
1	1	1	1	1	5	1	0.203648	17.12	16.44
1	1	1	1	1	6	1	0.205056	17.58	16.26
1	1	1	1	1	7	1	0.206464	17.52	16.4
1	1	1	1	1	8	1	0.207872	18.56	16.28
1	1	1	1	1	9	1	0.20928	17.42	16.36
1	1	1	1	1	10	1	0.21068800000000001	17.8	16.4
1	1	1	1	1	11	1	0.212096	17.22	16.46
1	1	1	1	1	12	1	0.21350400000000003	17.82	16.4
1	1	1	1	1	13	1	0.214912	17.08	16.38
1	1	1	1	1	14	1	0.21631999999999998	17.8	16.24
1	1	1	1	1	15	1	0.217728	17.14	16.38
1	1	1	1	1	16	1	0.219136	17.4	16.36
2	1	1	1	1	16	1	0.284672	17.44	16.52
3	1	1	1	1	16	1	0.35020799999999996	17.5	16.22
4	1	1	1	1	16	1	0.41574399999999995	17.88	16.2
4	1	1	1	2	16	1	0.48127999999999993	17.76	16.2
5	1	1	1	2	16	1	0.5468160000000001	17.5	16.34
6	1	1	1	2	16	1	0.6123520000000001	17.36	16.26
7	1	1	1	2	16	1	0.677888	17.56	16.36
8	1	1	1	2	16	1	0.7434240000000001	17.06	16.3
8	2	1	1	2	16	1	0.80896	17.38	16.28
9	2	1	1	2	16	1	0.874496	17.88	16.42
10	2	1	1	2	16	1	0.9400320000000001	17.98	16.34
11	2	1	1	2	16	1	1.005568	17.42	16.5
12	2	1	1	2	16	1	1.071104	17.84	15.26
13	2	1	1	2	16	1	1.13664	17.36	16.26
13	2	1	1	3	16	1	1.202176	17.12	16.18
13	2	1	1	4	16	1	1.267712	17.42	16.12
14	2	1	1	4	16	1	1.333248	17.24	16.28
15	2	1	1	4	16	1	1.398784	17.94	16.2
16	2	1	1	4	16	1	1.46432	17.48	16.46
16	3	1	1	4	16	1	1.529856	17.88	16.22
16	4	1	1	4	16	1	1.595392	17.86	16.42
16	5	1	1	4	16	1	1.660928	18.14	16.3
16	6	1	1	4	16	1	1.726464	17.22	16.24
16	7	1	1	4	16	1	1.792	17.46	16.34
16	8	1	1	4	16	1	1.857536	17.72	16.18
16	9	1	1	4	16	1	1.923072	17.56	16.3
16	9	1	1	5	16	1	1.988608	17.92	16.44
16	9	1	1	6	16	1	2.0541439999999995	17.2	16.18
16	9	1	1	7	16	1	2.11968	17.54	16.24
16	9	1	1	8	16	1	2.1852159999999996	17.3	16.32
16	10	1	1	8	16	1	2.250752	17.68	16.36
16	11	1	1	8	16	1	2.3162879999999997	17.44	16.32
16	12	1	1	8	16	1	2.381824	17.68	16.28
16	13	1	1	8	16	1	2.4473599999999998	18.58	16.44
16	14	1	1	8	16	1	2.5128959999999996	18.16	16.36
16	15	1	1	8	16	1	2.578432	17.76	16.32
16	16	1	1	8	16	1	2.6439679999999997	17.18	16.32
16	16	1	1	9	16	1	2.709504	17.9	16.12
16	16	1	1	10	16	1	2.7750399999999997	17.36	16.34
16	16	1	1	11	16	1	2.840576	17.48	16.4
16	16	1	1	12	16	1	2.906112	17.9	16.42
16	16	1	1	13	16	1	2.9716479999999996	17.56	16.28
16	16	1	1	14	16	1	3.037184	17.48	16.4
16	16	1	1	15	16	1	3.1027199999999997	18.28	16.16
16	16	1	1	16	16	1	3.168256	17.68	16.3
16	16	1	1	16	16	2	4.216832	18.36	16.08
16	16	1	1	16	16	3	5.265408	17.92	16.16
16	16	1	1	16	16	4	6.313984	17.9	16.34
16	16	1	1	16	16	5	7.36256	17.32	16.18
16	16	1	1	16	16	6	8.411135999999999	17.64	16.26
16	16	1	1	16	16	7	9.459712	17.8	16.4
16	16	1	1	16	16	8	10.508288	17.08	16.36
16	16	1	1	16	16	9	11.556864000000001	17.76	16.3
16	16	1	1	16	16	10	12.605440000000002	17.9	16.34
16	16	1	1	16	16	11	13.654016	18.22	16.42
16	16	1	1	16	16	12	14.702592000000001	17.68	16.4
16	16	1	1	16	16	13	15.751168	17.7	16.26
16	16	1	1	16	16	14	16.799743999999997	17.58	16.24
16	16	1	1	16	16	15	17.848319999999998	17.56	16.34
16	16	1	1	16	16	16	18.896895999999998	17.34	16.2
16	16	1	2	16	16	16	19.968	17.6	16.42
16	16	1	3	16	16	16	21.039104	17.42	16.42
16	16	1	4	16	16	16	22.110208	17.46	16.26
16	16	1	5	16	16	16	23.181312	17.0	16.38
16	16	1	6	16	16	16	24.252416	17.34	16.4
16	16	1	7	16	16	16	25.323520000000002	17.72	16.34
16	16	1	8	16	16	16	26.394623999999997	17.54	16.28
16	16	1	9	16	16	16	27.465728000000002	17.56	16.22
16	16	1	10	16	16	16	28.536831999999997	18.08	16.32
16	16	1	11	16	16	16	29.607936000000002	17.5	16.34
16	16	1	12	16	16	16	30.67904	18.1	16.34
16	16	1	13	16	16	16	31.750144	17.5	16.26
16	16	1	14	16	16	16	32.821248000000004	17.46	16.34
16	16	1	15	16	16	16	33.892352	17.48	16.34
16	16	1	16	16	16	16	34.963456	17.52	16.24
16	16	2	16	16	16	16	52.78924799999999	27.82	27.82
16	16	3	16	16	16	16	70.61504000000001	53.0	52.82
16	16	4	16	16	16	16	88.440832	75.64	75.26
16	16	5	16	16	16	16	106.26662400000001	82.18	82.16
16	16	2	15	16	16	16	51.718144	22.58	21.72
16	16	3	15	16	16	16	69.543936	54.82	54.34
16	16	4	15	16	16	16	87.369728	70.76	70.46
16	16	5	15	16	16	16	105.19552	83.14	83.1
16	16	2	14	16	16	16	50.647040000000004	26.62	26.38
16	16	3	14	16	16	16	68.472832	49.18	49.18
16	16	4	14	16	16	16	86.298624	72.12	71.92
16	16	5	14	16	16	16	104.12441600000001	83.38	83.18
16	16	2	13	16	16	16	49.575936	22.58	21.36
16	16	3	13	16	16	16	67.40172799999999	46.52	46.52
16	16	4	13	16	16	16	85.22752	70.24	70.2
16	16	5	13	16	16	16	103.053312	82.96	82.96
16	16	2	12	16	16	16	48.504832	21.38	21.04
16	16	3	12	16	16	16	66.330624	48.52	48.48
16	16	4	12	16	16	16	84.156416	72.92	72.2
16	16	5	12	16	16	16	101.982208	