r_A	r_C	r_state	r_act	r_lin	r_coder	r_dt	cost	best_acc	last_acc
12	12	12	12	12	12	12	28.514304	85.74	85.6
12	12	11	12	12	12	12	26.941440000000004	84.8	84.76
12	12	10	12	12	12	12	25.368576	85.58	85.38
12	12	9	12	12	12	12	23.795711999999998	85.34	85.28
12	12	8	12	12	12	12	22.222848000000003	84.98	84.78
12	12	7	12	12	12	12	20.649984	85.7	85.4
12	12	6	12	12	12	12	19.07712	84.18	83.9
12	12	5	12	12	12	12	17.504256	82.96	82.88
12	12	6	11	12	12	12	18.273791999999997	85.44	85.28
12	12	5	11	12	12	12	16.700927999999998	82.26	82.18
12	12	6	10	12	12	12	17.470464000000003	85.34	85.1
12	12	5	10	12	12	12	15.8976	83.64	83.42
12	12	4	10	12	12	12	14.324736	73.38	73.38
12	12	5	9	12	12	12	15.094272	83.5	83.3
12	12	4	9	12	12	12	13.521408	70.72	70.48
12	12	5	8	12	12	12	14.290944	83.38	83.28
12	12	4	8	12	12	12	12.71808	72.98	72.64
12	12	5	7	12	12	12	13.487616	83.18	83.04
12	12	4	7	12	12	12	11.914751999999998	74.1	74.1
12	12	5	6	12	12	12	12.684288	83.58	83.16
12	12	4	6	12	12	12	11.111424000000001	72.44	72.1
12	12	5	5	12	12	12	11.880960000000002	81.48	81.08
12	12	5	6	11	12	12	12.291072000000002	82.9	82.9
11	12	5	6	12	12	12	12.356608	82.98	82.66
12	11	5	6	12	12	12	12.356608	82.56	82.5
12	12	5	6	12	11	12	12.675839999999999	83.74	83.2
12	12	4	6	12	11	12	11.102976	73.46	73.14
12	12	5	5	12	11	12	11.87392	81.0	80.6
12	12	5	6	11	11	12	12.282624	83.74	83.62
12	12	4	6	11	11	12	10.70976	73.34	72.7
12	12	5	5	11	11	12	11.54624	82.76	82.28
12	12	5	6	10	11	12	11.889408	82.56	82.2
11	12	5	6	11	11	12	11.954944	83.46	83.36
11	12	4	6	11	11	12	10.447615999999998	72.62	72.62
11	12	5	5	11	11	12	11.21856	81.9	81.7
11	12	5	6	10	11	12	11.561727999999999	82.78	82.78
10	12	5	6	11	11	12	11.627263999999998	83.12	82.86
10	12	4	6	11	11	12	10.185471999999999	70.1	69.78
10	12	5	5	11	11	12	10.89088	82.24	81.98
10	12	5	6	10	11	12	11.234048	83.24	83.24
10	12	4	6	10	11	12	9.792255999999998	73.4	73.4
10	12	5	5	10	11	12	10.5632	82.4	81.94
10	12	5	6	9	11	12	10.840831999999999	82.62	82.58
9	12	5	6	10	11	12	10.906367999999999	83.02	83.02
9	12	4	6	10	11	12	9.530111999999999	71.64	71.64
9	12	5	5	10	11	12	10.23552	82.24	82.24
9	12	5	6	9	11	12	10.513152	83.5	82.98
9	12	4	6	9	11	12	9.136895999999998	64.56	-1
9	12	5	5	9	11	12	9.90784	81.26	81.26
9	12	5	6	8	11	12	10.119936	82.72	82.72
8	12	5	6	9	11	12	10.185471999999999	82.4	82.26
9	11	5	6	9	11	12	10.185471999999999	82.56	82.56
9	12	5	6	9	10	12	10.504704000000002	83.16	83.0
9	12	4	6	9	10	12	9.128448	65.58	-1
9	12	5	5	9	10	12	9.9008	82.6	82.36
9	12	5	6	8	10	12	10.111488000000001	82.44	82.02
8	12	5	6	9	10	12	10.177024000000001	83.56	83.56
8	12	4	6	9	10	12	8.866304000000001	57.2	-1
8	12	5	5	9	10	12	9.57312	82.4	82.4
8	12	5	6	8	10	12	9.783808000000002	83.02	82.72
8	12	4	6	8	10	12	8.473088	57.26	-1
8	12	5	5	8	10	12	9.24544	82.66	82.66
8	12	5	6	7	10	12	9.390592000000002	82.6	82.5
7	12	5	6	8	10	12	9.456128000000001	72.0	-1
8	11	5	6	8	10	12	9.456128000000001	81.64	81.64
8	12	5	6	8	9	12	9.775360000000001	82.68	82.44
8	12	5	6	8	10	11	9.783808000000002	83.58	83.58
8	12	4	6	8	10	11	8.473088	60.2	-1
8	12	5	5	8	10	11	9.24544	82.18	81.82
8	12	5	6	7	10	11	9.390592000000002	74.98	-1
7	12	5	6	8	10	11	9.456128000000001	76.04	-1
8	11	5	6	8	10	11	9.456128000000001	83.14	82.88
8	11	4	6	8	10	11	8.210944000000001	53.7	-1
8	11	5	5	8	10	11	8.91776	82.1	82.1
8	11	5	6	7	10	11	9.062912	82.4	82.4
7	11	5	6	8	10	11	9.128448	75.28	-1
8	10	5	6	8	10	11	9.128448	83.26	83.24
8	10	4	6	8	10	11	7.9488	52.22	-1
8	10	5	5	8	10	11	8.59008	80.68	80.26
8	10	5	6	7	10	11	8.735232000000002	82.74	82.06
7	10	5	6	8	10	11	8.800768000000001	77.72	-1
8	9	5	6	8	10	11	8.800768000000001	83.04	82.86
8	9	4	6	8	10	11	7.686656	59.84	-1
8	9	5	5	8	10	11	8.2624	82.3	82.18
8	9	5	6	7	10	11	8.407552	83.3	83.08
8	9	4	6	7	10	11	7.2934399999999995	59.52	-1
8	9	5	5	7	10	11	7.93472	81.82	81.64
8	9	5	6	6	10	11	8.014336	82.78	82.58
7	9	5	6	7	10	11	8.079872	76.04	-1
8	8	5	6	7	10	11	8.079872000000002	82.5	82.1
8	9	5	6	7	9	11	8.399104	82.2	82.12
8	9	5	6	7	10	10	8.407552	82.38	82.38
7	9	5	6	8	10	11	8.473088	82.48	82.12
8	8	5	6	8	10	11	8.473088000000002	82.1	81.82
8	9	5	6	8	9	11	8.79232	83.34	83.3
8	9	4	6	8	9	11	7.678208	49.86	-1
8	9	5	5	8	9	11	8.255360000000001	81.66	81.58
7	9	5	6	8	9	11	8.46464	82.64	82.64
8	8	5	6	8	9	11	8.464640000000001	82.7	82.14
8	9	5	6	8	8	11	8.783872	83.58	82.86
8	9	4	6	8	8	11	7.66976	48.48	-1
8	9	5	5	8	8	11	8.24832	81.84	81.46
8	9	5	6	7	8	11	8.390656	82.64	82.62
7	9	5	6	8	8	11	8.456192	73.28	-1
8	8	5	6	8	8	11	8.456192000000001	82.46	82.46
8	9	5	6	8	7	11	8.775424000000001	83.22	83.22
8	9	4	6	8	7	11	7.661312	51.3	-1
8	9	5	5	8	7	11	8.24128	81.56	81.56
8	9	5	6	7	7	11	8.382208	83.26	83.26
8	9	4	6	7	7	11	7.268095999999999	59.22	-1
8	9	5	5	7	7	11	7.913600000000001	81.76	81.76
8	9	5	6	6	7	11	7.9889920000000005	82.82	82.82
7	9	5	6	7	7	11	8.054528	78.78	-1
8	8	5	6	7	7	11	8.054528000000001	82.86	82.86
8	9	5	6	7	6	11	8.373759999999999	82.82	82.32
8	9	5	6	7	7	10	8.382208	82.74	82.56
7	9	5	6	8	7	11	8.447744	82.78	82.78
8	8	5	6	8	7	11	8.447744000000002	82.56	82.46
8	9	5	6	8	6	11	8.766976	82.98	82.74
8	9	5	6	8	7	10	8.775424000000001	81.92	81.64
8	9	5	6	8	8	10	8.783872	82.04	81.8
8	9	5	6	8	9	10	8.79232	