r_A	r_C	r_state	r_act	r_lin	r_coder	r_dt	cost	best_acc	last_acc
12	12	12	12	12	12	12	800376	85.66	85.4
12	12	11	12	12	12	12	734840	85.0	84.92
12	12	10	12	12	12	12	669304	85.26	85.04
12	12	9	12	12	12	12	603768	84.86	84.72
12	12	8	12	12	12	12	538232	85.26	85.26
12	12	7	12	12	12	12	472696	84.86	84.5
12	12	6	12	12	12	12	407160	84.62	84.28
12	12	5	12	12	12	12	341624	83.28	83.14
12	12	4	12	12	12	12	276088	71.62	71.22
12	12	5	11	12	12	12	340974	82.74	82.42
12	12	4	11	12	12	12	275438	71.3	71.18
12	12	5	10	12	12	12	340324	83.64	83.64
12	12	4	10	12	12	12	274788	75.7	75.62
12	12	5	9	12	12	12	339674	82.74	82.64
12	12	4	9	12	12	12	274138	71.92	71.62
12	12	5	8	12	12	12	339024	82.24	82.24
12	12	4	8	12	12	12	273488	74.0	73.4
12	12	5	7	12	12	12	338374	83.24	82.8
12	12	4	7	12	12	12	272838	75.86	75.66
12	12	5	6	12	12	12	337724	83.18	83.18
12	12	4	6	12	12	12	272188	74.68	74.68
12	12	5	5	12	12	12	337074	82.2	82.2
12	12	4	5	12	12	12	271538	73.84	73.64
12	12	5	4	12	12	12	336424	78.66	78.38
12	12	5	5	11	12	12	336562	82.02	81.8
12	12	4	5	11	12	12	271026	70.52	69.92
12	12	5	4	11	12	12	335912	75.78	75.38
12	12	5	5	10	12	12	336050	81.84	81.56
12	12	4	5	10	12	12	270514	69.46	69.44
12	12	5	4	10	12	12	335400	79.1	78.54
12	12	5	5	9	12	12	335538	81.8	81.46
12	12	4	5	9	12	12	270002	72.82	71.78
12	12	5	4	9	12	12	334888	77.48	76.96
12	12	5	5	8	12	12	335026	82.18	82.18
12	12	4	5	8	12	12	269490	72.28	72.06
12	12	5	4	8	12	12	334376	77.94	77.64
12	12	5	5	7	12	12	334514	81.68	81.66
12	12	4	5	7	12	12	268978	71.68	70.84
12	12	5	4	7	12	12	333864	78.54	77.96
12	12	5	5	6	12	12	334002	82.24	82.04
12	12	4	5	6	12	12	268466	73.52	73.14
12	12	5	4	6	12	12	333352	70.48	70.48
12	12	5	5	5	12	12	333490	82.28	81.88
12	12	4	5	5	12	12	267954	70.42	70.26
12	12	5	4	5	12	12	332840	78.04	77.82
12	12	5	5	4	12	12	332978	81.84	81.84
12	12	4	5	4	12	12	267442	66.16	66.06
12	12	5	4	4	12	12	332328	76.48	76.16
12	12	5	5	3	12	12	332466	78.9	78.9
11	12	5	5	4	12	12	332978	81.26	81.26
11	12	4	5	4	12	12	267442	70.16	70.04
11	12	5	4	4	12	12	332328	78.18	77.98
11	12	5	5	3	12	12	332466	79.46	79.46
10	12	5	5	4	12	12	332978	81.8	81.34
10	12	4	5	4	12	12	267442	65.8	65.8
10	12	5	4	4	12	12	332328	77.4	77.34
10	12	5	5	3	12	12	332466	78.48	78.36
9	12	5	5	4	12	12	332978	81.94	81.94
9	12	4	5	4	12	12	267442	61.02	60.66
9	12	5	4	4	12	12	332328	77.72	77.58
9	12	5	5	3	12	12	332466	78.42	78.28
8	12	5	5	4	12	12	332978	80.92	80.54
8	12	4	5	4	12	12	267442	50.28	-1
8	12	5	4	4	12	12	332328	76.86	76.86
8	12	5	5	3	12	12	332466	69.56	-1
7	12	5	5	4	12	12	332978	75.02	-1
8	11	5	5	4	12	12	332978	80.16	80.16
8	11	4	5	4	12	12	267442	48.32	-1
8	11	5	4	4	12	12	332328	77.86	77.74
8	11	5	5	3	12	12	332466	79.8	79.74
7	11	5	5	4	12	12	332978	72.22	-1
8	10	5	5	4	12	12	332978	81.58	81.48
8	10	4	5	4	12	12	267442	47.68	-1
8	10	5	4	4	12	12	332328	74.84	74.84
8	10	5	5	3	12	12	332466	79.9	79.56
7	10	5	5	4	12	12	332978	80.98	80.82
7	10	4	5	4	12	12	267442	49.48	-1
7	10	5	4	4	12	12	332328	71.56	-1
7	10	5	5	3	12	12	332466	78.18	77.56
6	10	5	5	4	12	12	332978	67.92	-1
7	9	5	5	4	12	12	332978	73.28	-1
7	10	5	5	4	11	12	332978	73.06	-1
7	10	5	5	4	12	11	332978	75.26	-1
8	9	5	5	4	12	12	332978	80.72	80.66
8	9	4	5	4	12	12	267442	49.98	-1
8	9	5	4	4	12	12	332328	71.9	-1
8	9	5	5	3	12	12	332466	79.98	79.7
8	8	5	5	4	12	12	332978	81.44	81.44
8	8	4	5	4	12	12	267442	54.38	-1
8	8	5	4	4	12	12	332328	75.16	74.72
8	8	5	5	3	12	12	332466	77.78	77.78
7	8	5	5	4	12	12	332978	73.74	-1
8	7	5	5	4	12	12	332978	80.76	80.36
8	7	4	5	4	12	12	267442	57.18	-1
8	7	5	4	4	12	12	332328	78.3	78.0
8	7	5	5	3	12	12	332466	79.56	79.56
7	7	5	5	4	12	12	332978	73.16	-1
8	6	5	5	4	12	12	332978	80.98	80.76
8	6	4	5	4	12	12	267442	51.92	-1
8	6	5	4	4	12	12	332328	77.42	77.42
8	6	5	5	3	12	12	332466	78.14	78.14
7	6	5	5	4	12	12	332978	72.18	-1
8	5	5	5	4	12	12	332978	81.0	81.0
8	5	4	5	4	12	12	267442	48.0	-1
8	5	5	4	4	12	12	332328	74.08	73.9
8	5	5	5	3	12	12	332466	78.04	78.04
7	5	5	5	4	12	12	332978	77.66	-1
8	4	5	5	4	12	12	332978	80.74	80.58
8	4	4	5	4	12	12	267442	42.88	-1
8	4	5	4	4	12	12	332328	56.78	-1
8	4	5	5	3	12	12	332466	67.5	-1
7	4	5	5	4	12	12	332978	69.64	-1
8	3	5	5	4	12	12	332978	72.8	-1
8	4	5	5	4	11	12	332978	80.52	80.52
8	4	4	5	4	11	12	267442	44.86	-1
8	4	5	4	4	11	12	332328	67.0	-1
8	4	5	5	3	11	12	332466	61.96	-1
7	4	5	5	4	11	12	332978	73.16	-1
8	3	5	5	4	11	12	332978	77.62	77.1
8	4	5	5	4	10	12	332978	80.7	80.54
8	4	4	5	4	10	12	267442	44.24	-1
8	4	5	4	4	10	12	332328	60.94	-1
8	4	5	5	3	10	12	332466	65.12	-1
7	4	5	5	4	10	12	332978	68.18	-1
8	3	5	5	4	10	12	332978	78.14	78.06
8	4	5	5	4	9	12	332978	75.66	-1
8	4	5	5	4	10	11	332978	80.22	79.94
8	4	4	5	4	10	11	267442	42.18	-1
8	4	5	4	4	10	11	332328	