r_A	r_C	r_state	r_act	r_lin	r_coder	r_dt	cost	best_acc	last_acc
12	12	12	12	12	12	12	132.323328	85.88	85.68
12	12	11	12	12	12	12	122.099712	86.2	86.14
12	12	10	12	12	12	12	111.87609600000002	85.24	85.12
12	12	9	12	12	12	12	101.65248000000001	85.02	84.82
12	12	8	12	12	12	12	91.428864	85.12	85.12
12	12	7	12	12	12	12	81.20524800000001	85.22	85.14
12	12	6	12	12	12	12	70.981632	84.48	83.92
12	12	5	12	12	12	12	60.758016000000005	83.32	83.16
12	12	4	12	12	12	12	50.5344	72.34	72.08
11	12	5	12	12	12	12	56.825856	84.56	84.54
11	12	4	12	12	12	12	47.388672	75.4	75.4
10	12	5	12	12	12	12	52.893696	83.22	83.22
10	12	4	12	12	12	12	44.242944	73.7	73.1
9	12	5	12	12	12	12	48.961536	82.82	82.82
9	12	4	12	12	12	12	41.097215999999996	62.82	-1
8	12	5	12	12	12	12	45.029376	83.34	83.22
8	12	4	12	12	12	12	37.951488	55.12	-1
7	12	5	12	12	12	12	41.097215999999996	72.16	-1
8	12	5	12	12	12	11	42.407936	81.94	81.3
8	12	4	12	12	12	11	35.854335999999996	57.16	-1
7	12	5	12	12	12	11	38.803456	71.94	-1
8	12	5	12	12	12	10	39.786496	76.44	-1
8	12	5	11	12	12	11	41.604608	82.74	82.22
8	12	4	11	12	12	11	35.051007999999996	54.04	-1
7	12	5	11	12	12	11	38.000128000000004	76.26	-1
8	12	5	11	12	12	10	38.983168000000006	82.72	82.4
8	12	4	11	12	12	10	32.953856	66.48	-1
7	12	5	11	12	12	10	35.706368	78.06	-1
8	12	5	11	12	12	9	36.361728	81.76	81.76
8	12	4	11	12	12	9	30.856704	57.56	-1
7	12	5	11	12	12	9	33.412608000000006	73.54	-1
8	12	5	11	12	12	8	33.74028800000001	80.58	80.28
8	12	4	11	12	12	8	28.759552	46.04	-1
7	12	5	11	12	12	8	31.118847999999996	70.62	-1
8	12	5	11	12	12	7	31.118847999999996	81.7	81.24
8	12	4	11	12	12	7	26.662399999999998	52.36	-1
8	12	5	11	12	12	6	28.497408	82.16	81.34
8	12	4	11	12	12	6	24.565248	54.28	-1
8	12	5	11	12	12	5	25.875968	82.68	82.52
8	12	4	11	12	12	5	22.468096	50.28	-1
8	12	5	11	12	12	4	23.254527999999997	79.76	79.52
7	12	5	11	12	12	5	24.237568	81.06	80.7
7	12	4	11	12	12	5	21.157375999999996	55.98	-1
7	12	5	11	12	12	4	21.943807999999997	80.72	80.5
7	12	4	11	12	12	4	19.322367999999997	49.52	-1
7	12	5	11	12	12	3	19.650047999999998	60.14	-1
6	12	5	11	12	12	4	20.633087999999997	64.52	-1
7	12	5	10	12	12	4	21.14048	79.76	79.76
7	12	5	11	11	12	4	21.222911999999997	79.98	79.96
7	11	5	11	12	12	4	21.616128	80.68	80.42
7	11	4	11	12	12	4	19.060223999999998	47.06	-1
7	11	5	11	12	12	3	19.322368	61.86	-1
6	11	5	11	12	12	4	20.305407999999996	72.72	-1
7	11	5	10	12	12	4	20.812800000000003	71.22	-1
7	11	5	11	11	12	4	20.895231999999996	77.94	-1
7	10	5	11	12	12	4	21.288448	80.74	80.4
7	10	4	11	12	12	4	18.79808	50.92	-1
7	10	5	11	12	12	3	18.994688	76.48	76.4
6	10	5	11	12	12	4	19.977728	67.28	-1
7	10	5	10	12	12	4	20.485120000000002	71.56	-1
7	10	5	11	11	12	4	20.567551999999996	79.6	79.5
7	9	5	11	12	12	4	20.960767999999998	71.14	-1
7	10	5	11	12	11	4	21.27296	80.42	80.32
7	10	4	11	12	11	4	18.782592	50.74	-1
7	10	5	11	12	11	3	18.979200000000002	71.06	71.06
6	10	5	11	12	11	4	19.96224	69.22	-1
7	10	5	10	12	11	4	20.47104	80.12	80.08
7	10	4	10	12	11	4	17.980672	48.62	-1
7	10	5	10	12	11	3	18.17728	66.56	-1
6	10	5	10	12	11	4	19.16032	68.02	-1
7	10	5	9	12	11	4	19.669119999999996	81.3	81.0
7	10	4	9	12	11	4	17.178752	48.26	-1
7	10	5	9	12	11	3	17.375359999999997	64.94	-1
6	10	5	9	12	11	4	18.3584	69.8	-1
7	10	5	8	12	11	4	18.8672	80.06	80.06
7	10	4	8	12	11	4	16.376832	47.1	-1
7	10	5	8	12	11	3	16.57344	69.76	-1
6	10	5	8	12	11	4	17.55648	65.6	-1
7	10	5	7	12	11	4	18.065279999999998	81.08	80.58
7	10	4	7	12	11	4	15.574912	48.8	-1
7	10	5	7	12	11	3	15.77152	69.48	-1
6	10	5	7	12	11	4	16.754559999999998	68.68	-1
7	10	5	6	12	11	4	17.26336	80.44	80.2
7	10	4	6	12	11	4	14.772992	51.76	-1
7	10	5	6	12	11	3	14.969599999999998	65.02	-1
6	10	5	6	12	11	4	15.95264	67.6	-1
7	10	5	5	12	11	4	16.46144	78.42	77.52
7	10	5	6	11	11	4	16.870144	80.42	80.2
7	10	4	6	11	11	4	14.379776	49.22	-1
7	10	5	6	11	11	3	14.576384	68.8	-1
6	10	5	6	11	11	4	15.559424	66.16	-1
7	10	5	5	11	11	4	16.13376	80.56	80.5
7	10	4	5	11	11	4	13.643392	49.36	-1
7	10	5	5	11	11	3	13.84	63.42	-1
6	10	5	5	11	11	4	14.82304	71.28	-1
7	10	5	4	11	11	4	15.397376	75.24	74.52
7	10	5	5	10	11	4	15.806079999999998	80.06	80.06
7	10	4	5	10	11	4	13.315712	48.96	-1
7	10	5	5	10	11	3	13.512319999999999	65.04	-1
6	10	5	5	10	11	4	14.49536	68.3	-1
7	10	5	4	10	11	4	15.135231999999998	63.38	-1
7	9	5	5	10	11	4	15.478399999999999	80.62	80.38
7	9	4	5	10	11	4	13.053567999999999	49.02	-1
7	9	5	5	10	11	3	13.18464	63.78	-1
6	9	5	5	10	11	4	14.167679999999999	68.32	-1
7	9	5	4	10	11	4	14.807552	72.28	-1
7	8	5	5	10	11	4	15.150719999999998	79.84	79.24
7	9	5	5	9	11	4	15.15072	80.22	79.78
7	9	4	5	9	11	4	12.725888	47.02	-1
7	9	5	5	9	11	3	12.85696	61.26	-1
6	9	5	5	9	11	4	13.84	67.72	-1
7	9	5	4	9	11	4	14.545408	72.34	72.24
7	8	5	5	9	11	4	14.823039999999999	73.84	-1
7	9	5	5	8	11	4	14.823039999999999	79.34	79.34
7	9	5	5	9	10	4	15.14368	78.12	77.52
7	9	5	5	10	10	4	15.471359999999999	78.04	78.04
7	10	5	5	9	11	4	15.478399999999999	78.08	77.0
7	10	5	5	10	10	4	15.799039999999998	77.16	77.16
7	9	5	5	11	11	4	15.80608	79.26	79.08
7	10	5	5	11	10	4	16.12672	78.84	78.84
7	10	5	6	10	11	4	16.476928	80.88	80.88
7	10	4	6	10	11	4	13.986559999999999	47.52	-1
7	10	5	6	10	11	3	14.183167999999998	76.12	75.74
6	10	5	6	10	11	4	15.166208	70.08	-1
7	10	5	6	9	11	4	16.083712	70.54	-1
7	9	5	6	10	11	4	16.149248	77.66	77.38
7	10	5	6	10	10	4	16.46848	79.86	79.86
7	9	5	6	11	11	4	16.542464000000002	79.68	79.18
7	10	5	6	11	10	4	16.861696	79.4	78.96
7	9	5	6	12	11	4	16.93568	81.06	80.88
7	9	4	6	12	11	4	14.510847999999998	46.2	-1
7	9	5	6	12	11	3	14.64192	64.98	-1
6	9	5	6	12	11	4	15.62496	72.0	-1
7	9	5	5	12	11	4	16.13376	79.22	79.18
7	8	5	6	12	11	4	16.608	78.3	78.1
7	9	5	6	12	10	4	16.927232	77.64	77.6
7	10	5	6	12	10	4	17.254911999999997	69.66	-1
7	10	5	7	11	11	4	17.606527999999997	79.6	79.6
7	9	5	7	12	11	4	17.737599999999997	79.88	79.8
7	10	5	7	12	10	4	18.055424	81.18	81.1
7	10	4	7	12	10	4	15.565056	50.46	-1
7	10	5	7	12	10	3	15.761664000000001	64.72	-1
6	10	5	7	12	10	4	16.744704	69.12	-1
7	10	5	7	11	10	4	17.596671999999998	80.26	80.26
7	10	4	7	11	10	4	15.106304000000002	45.32	-1
7	10	5	7	11	10	3	15.302912000000001	63.3	-1
6	10	5	7	11	10	4	16.285952	66.94	-1
7	10	5	7	10	10	4	17.137919999999998	80.14	79.98
7	10	4	7	10	10	4	14.647552000000001	50.18	-1
7	10	5	7	10	10	3	14.84416	