r_A	r_C	r_state	r_act	r_lin	r_coder	r_dt	cost	best_acc	last_acc
12	12	12	12	12	12	12	2362368	85.58	85.26
11	12	12	12	12	12	12	2296832	86.02	86.02
10	12	12	12	12	12	12	2231296	85.54	85.54
9	12	12	12	12	12	12	2165760	85.4	85.1
8	12	12	12	12	12	12	2100224	85.68	85.68
7	12	12	12	12	12	12	2034688	84.58	84.36
6	12	12	12	12	12	12	1969152	82.26	-1
5	12	12	12	12	12	12	1903616	77.5	-1
6	11	12	12	12	12	12	1903616	84.92	84.86
5	11	12	12	12	12	12	1838080	78.88	-1
6	10	12	12	12	12	12	1838080	78.14	-1
6	11	12	12	11	12	12	1838080	78.6	-1
6	11	12	12	12	11	12	1903360	78.16	-1
6	11	11	12	12	12	12	1903616	78.92	-1
6	11	12	11	12	12	12	1903616	78.92	-1
6	11	12	12	12	12	11	1903616	85.36	85.32
5	11	12	12	12	12	11	1838080	76.28	-1
6	10	12	12	12	12	11	1838080	84.72	84.14
5	10	12	12	12	12	11	1772544	79.52	-1
6	9	12	12	12	12	11	1772544	76.94	-1
6	10	12	12	11	12	11	1772544	85.42	85.42
5	10	12	12	11	12	11	1707008	77.38	-1
6	9	12	12	11	12	11	1707008	85.88	85.88
5	9	12	12	11	12	11	1641472	77.2	-1
6	8	12	12	11	12	11	1641472	84.92	84.72
5	8	12	12	11	12	11	1575936	79.22	-1
6	7	12	12	11	12	11	1575936	84.8	84.74
5	7	12	12	11	12	11	1510400	84.84	-1
4	7	12	12	11	12	11	1444864	76.36	-1
5	6	12	12	11	12	11	1444864	83.12	-1
4	6	12	12	11	12	11	1379328	77.1	-1
5	5	12	12	11	12	11	1379328	84.54	84.54
4	5	12	12	11	12	11	1313792	74.94	-1
5	4	12	12	11	12	11	1313792	84.56	84.3
4	4	12	12	11	12	11	1248256	77.6	-1
5	3	12	12	11	12	11	1248256	84.98	84.58
4	3	12	12	11	12	11	1182720	76.92	-1
5	2	12	12	11	12	11	1182720	83.48	83.24
4	2	12	12	11	12	11	1117184	75.22	-1
5	1	12	12	11	12	11	1117184	80.08	79.9
4	1	12	12	11	12	11	1051648	68.64	-1
5	0	12	12	11	12	11	1051648	18.24	17.38
5	1	12	12	10	12	11	1051648	77.38	-1
5	1	12	12	11	11	11	1116928	74.22	-1
5	1	11	12	11	12	11	1117184	73.06	-1
5	1	12	11	11	12	11	1117184	73.3	-1
5	1	12	12	11	12	10	1117184	79.16	79.16
5	2	12	12	10	12	11	1117184	78.64	-1
5	2	12	12	11	11	11	1182464	83.5	83.46
4	2	12	12	11	11	11	1116928	74.88	-1
5	2	12	12	10	11	11	1116928	83.96	83.68
4	2	12	12	10	11	11	1051392	74.88	-1
5	1	12	12	10	11	11	1051392	82.08	81.86
4	1	12	12	10	11	11	985856	72.56	-1
5	0	12	12	10	11	11	985856	17.74	17.1
5	1	12	12	9	11	11	985856	80.54	80.14
4	1	12	12	9	11	11	920320	80.34	80.1
3	1	12	12	9	11	11	854784	61.18	-1
4	0	12	12	9	11	11	854784	17.92	17.14
4	1	12	12	8	11	11	854784	69.36	-1
4	1	12	12	9	10	11	920064	80.28	80.08
3	1	12	12	9	10	11	854528	63.5	-1
4	0	12	12	9	10	11	854528	17.48	17.18
4	1	12	12	8	10	11	854528	74.58	-1
4	1	12	12	9	9	11	919808	69.02	-1
4	1	11	12	9	10	11	920064	65.58	-1
4	1	12	11	9	10	11	920064	79.48	79.06
4	1	12	12	9	10	10	920064	69.34	-1
4	1	11	12	9	11	11	920320	68.26	-1
4	1	12	11	9	11	11	920320	69.08	-1
4	1	12	12	9	11	10	920320	71.62	-1
5	0	12	12	9	11	11	920320	17.74	17.5
5	1	12	12	8	11	11	920320	77.04	-1
5	1	12	12	9	10	11	985600	81.3	80.9
5	0	12	12	9	10	11	920064	17.94	16.84
5	1	12	12	8	10	11	920064	80.66	80.52
5	0	12	12	8	10	11	854528	17.92	17.18
5	1	12	12	7	10	11	854528	77.06	-1
5	1	12	12	8	9	11	919808	80.54	80.24
4	1	12	12	8	9	11	854272	69.36	-1
5	0	12	12	8	9	11	854272	17.58	16.94
5	1	12	12	7	9	11	854272	81.36	80.76
4	1	12	12	7	9	11	788736	70.32	-1
5	0	12	12	7	9	11	788736	17.66	17.16
5	1	12	12	6	9	11	788736	80.5	80.5
4	1	12	12	6	9	11	723200	68.58	-1
5	0	12	12	6	9	11	723200	18.02	17.2
5	1	12	12	5	9	11	723200	75.5	-1
5	1	12	12	6	8	11	788480	79.76	79.28
5	1	11	12	6	9	11	788736	75.24	-1
5	1	12	11	6	9	11	788736	81.78	81.78
4	1	12	11	6	9	11	723200	75.24	-1
5	0	12	11	6	9	11	723200	17.8	17.4
5	1	12	11	5	9	11	723200	80.8	80.62
4	1	12	11	5	9	11	657664	68.46	-1
5	0	12	11	5	9	11	657664	17.46	17.28
5	1	12	11	4	9	11	657664	78.84	78.84
5	1	12	11	5	8	11	722944	80.34	80.34
4	1	12	11	5	8	11	657408	73.18	-1
5	0	12	11	5	8	11	657408	18.0	17.22
5	1	12	11	4	8	11	657408	73.86	-1
5	1	12	11	5	7	11	722688	75.04	-1
5	1	11	11	5	8	11	722944	79.74	79.64
5	1	12	10	5	8	11	722944	80.36	79.64
4	1	12	10	5	8	11	657408	66.6	-1
5	0	12	10	5	8	11	657408	17.86	16.94
5	1	12	10	4	8	11	657408	79.24	79.0
5	1	12	10	5	7	11	722688	79.3	79.3
5	1	11	10	5	8	11	722944	80.74	80.22
4	1	11	10	5	8	11	657408	72.24	-1
5	0	11	10	5	8	11	657408	17.7	17.18
5	1	11	10	4	8	11	657408	71.56	-1
5	1	11	10	5	7	11	722688	81.48	81.14
4	1	11	10	5	7	11	657152	70.72	-1
5	0	11	10	5	7	11	657152	17.7	17.26
5	1	11	10	4	7	11	657152	80.26	80.26
4	1	11	10	4	7	11	591616	78.8	78.8
5	0	11	10	4	7	11	591616	17.68	17.46
5	1	11	10	3	7	11	591616	75.14	75.1
5	1	11	10	4	6	11	656896	79.46	79.46
5	1	10	10	4	7	11	657152	81.4	81.16
4	1	10	10	4	7	11	591616	75.16	-1
5	0	10	10	4	7	11	591616	17.54	17.18
5	1	10	10	3	7	11	591616	75.44	75.44
5	1	10	10	4	6	11	656896	78.56	78.28
5	1	9	10	4	7	11	657152	78.66	78.32
5	1	10	9	4	7	11	657152	75.96	75.84
5	1	10	10	4	7	10	657152	77.66	77.56
5	1	11	9	4	7	11	657152	77.02	76.12
5	1	11	10	4	7	10	657152	78.58	78.58
5	1	11	10	5	6	11	722432	78.86	78.58
5	1	10	10	5	7	11	722688	79.16	79.12
5	1	11	9	5	7	11	722688	80.54	80.2
4	1	11	9	5	7	11	657152	68.46	-1
5	1	11	9	5	6	11	722432	80.9	80.9
4	1	11	9	5	6	11	656896	68.44	-1
5	1	11	9	4	6	11	656896	75.44	-1
5	1	11	9	5	5	11	722176	80.0	80.0
5	1	10	9	5	6	11	722432	81.46	81.2
4	1	10	9	5	6	11	656896	79.82	79.82
5	1	10	9	4	6	11	656896	79.86	79.86
5	1	10	9	5	5	11	722176	80.44	80.44
4	1	10	9	5	5	11	656640	79.7	79.7
5	1	10	9	4	5	11	656640	77.9	77.8
5	1	10	9	5	4	11	721920	80.52	80.52
4	1	10	9	5	4	11	656384	72.1	-1
5	1	10	9	4	4	11	656384	77.38	76.96
5	1	10	9	5	3	11	721664	71.1	-1
5	1	9	9	5	4	11	721920	79.56	79.5
5	1	10	8	5	4	11	721920	76.98	-1
5	1	10	9	5	4	10	721920	80.72	80.28
4	1	10	9	5	4	10	656384	67.18	-1
5	1	10	9	4	4	10	656384	70.84	-1
5	1	10	9	5	3	10	721664	77.74	76.88
5	1	9	9	5	4	10	721920	81.08	81.08
4	1	9	9	5	4	10	656384	63.72	-1
5	1	9	9	4	4	10	656384	79.2	79.2
5	1	9	9	5	3	10	721664	78.86	78.86
5	1	8	9	5	4	10	721920	79.82	79.78
5	1	9	8	5	4	10	721920	77.02	76.68
5	1	9	9	5	4	9	721920	78.96	78.7
5	1	10	8	5	4	10	721920	80.96	80.96
4	1	10	8	5	4	10	656384	75.08	-1
5	1	10	8	4	4	10	656384	77.22	-1
5	1	10	8	5	3	10	721664	79.52	79.32
5	1	10	7	5	4	10	721920	79.58	79.04
5	1	10	8	5	4	9	721920	68.14	-1
5	1	10	9	5	4	9	721920	77.96	77.68
5	1	9	9	5	5	11	722176	79.72	79.72
5	1	10	8	5	5	11	722176	76.64	-1
5	1	10	9	5	5	10	722176	78.82	78.82
5	1	9	9	5	6	11	722432	78.66	78.56
5	1	10	8	5	6	11	722432	81.54	81.24
4	1	10	8	5	6	11	656896	71.2	-1
5	1	10	8	4	6	11	656896	79.84	79.62
5	1	9	8	5	6	11	722432	80.2	80.2
4	1	9	8	5	6	11	656896	73.16	-1
5	1	9	8	4	6	11	656896	76.88	76.88
5	1	9	8	5	5	11	722176	80.62	80.62
4	1	9	8	5	5	11	656640	78.94	78.9
5	1	9	8	4	5	11	656640	75.46	-1
5	1	9	8	5	4	11	721920	81.04	80.68
4	1	9	8	5	4	11	656384	68.38	-1
5	1	9	8	4	4	11	656384	79.34	79.34
5	1	9	8	5	3	11	721664	79.84	79.84
5	1	8	8	5	4	11	721920	78.1	77.98
5	1	9	7	5	4	11	721920	78.68	78.68
5	1	8	8	5	5	11	722176	71.54	-1
5	1	9	7	5	5	11	722176	78.08	-1
5	1	9	8	5	5	10	722176	79.72	79.52
5	1	8	8	5	6	11	722432	70.8	-1
5	1	9	7	5	6	11	722432	78.92	78.92
5	1	9	8	5	6	10	722432	79.06	79.06
5	1	10	7	5	6	11	722432	79.18	79.18
5	1	10	8	5	6	10	722432	80.92	80.92
4	1	10	8	5	6	10	656896	78.94	78.8
5	1	10	8	4	6	10	656896	79.66	79.66
5	1	10	8	5	5	10	722176	78.98	78.24
5	1	10	7	5	6	10	722432	80.14	80.04
4	1	10	7	5	6	10	656896	70.8	-1
5	1	10	7	4	6	10	656896	80.34	80.34
4	1	10	7	4	6	10	591360	63.04	-1
5	1	10	7	3	6	10	591360	75.66	75.66
5	1	10	7	4	5	10	656640	79.9	79.88
5	1	9	7	4	6	10	656896	78.28	78.28
5	1	10	6	4	6	10	656896	79.1	78.92
5	1	10	7	4	6	9	656896	77.26	77.02
5	1	10	7	5	5	10	722176	81.1	80.5
4	1	10	7	5	5	10	656640	69.28	-1
5	1	9	7	5	5	10	722176	78.28	78.12
5	1	10	6	5	5	10	722176	78.36	78.14
5	1	10	7	5	5	9	722176	79.82	79.82
5	1	9	7	5	6	10	722432	80.28	80.28
4	1	9	7	5	6	10	656896	76.92	-1
5	1	8	7	5	6	10	722432	79.0	79.0
5	1	9	6	5	6	10	722432	79.7	79.26
5	1	9	7	5	6	9	722432	77.5	-1
5	1	10	6	5	6	10	722432	71.32	-1
5	1	10	7	5	6	9	722432	79.46	79.18
5	1	10	8	5	6	9	722432	75.44	-1
5	1	10	9	5	6	10	722432	81.36	80.86
4	1	10	9	5	6	10	656896	66.7	-1
5	1	10	9	4	6	10	656896	73.44	-1
5	1	9	9	5	6	10	722432	80.94	80.94
4	1	9	9	5	6	10	656896	77.66	77.36
5	1	9	9	4	6	10	656896	78.52	78.52
5	1	9	9	5	5	10	722176	70.88	-1
5	1	8	9	5	6	10	722432	78.4	78.08
5	1	9	9	5	6	9	722432	77.82	77.82
5	1	10	9	5	6	9	722432	80.3	80.3
4	1	10	9	5	6	9	656896	68.72	-1
5	1	10	9	4	6	9	656896	69.86	-1
5	1	10	9	5	5	9	722176	79.92	79.84
5	1	10	9	5	6	8	722432	71.14	-1
5	1	11	8	5	6	11	722432	79.98	79.98
5	1	11	9	5	6	10	722432	74.08	-1
5	1	10	9	5	7	11	722688	79.94	79.86
5	1	11	8	5	7	11	722688	78.42	78.0
5	1	11	9	5	7	10	722688	80.18	79.74
4	1	11	9	5	7	10	657152	71.92	-1
5	1	11	9	4	7	10	657152	76.78	-1
5	1	10	9	5	7	10	722688	80.82	80.52
4	1	10	9	5	7	10	657152	67.52	-1
5	1	10	9	4	7	10	657152	78.46	78.24
5	1	9	9	5	7	10	722688	78.3	78.3
5	1	10	8	5	7	10	722688	80.96	80.78
4	1	10	8	5	7	10	657152	68.8	-1
5	1	10	8	4	7	10	657152	79.46	79.46
5	1	9	8	5	7	10	722688	78.78	78.78
5	1	10	7	5	7	10	722688	76.04	-1
5	1	10	8	5	7	9	722688	79.08	79.08
5	1	10	9	5	7	9	722688	74.24	-1
5	1	11	8	5	7	10	722688	80.38	80.36
4	1	11	8	5	7	10	657152	69.78	-1
5	1	11	8	4	7	10	657152	79.62	79.28
5	1	11	8	5	6	10	722432	78.68	78.1
5	1	11	7	5	7	10	722688	